%YAML:1.0
model_type: PINHOLE
camera_name: onborad_cam_davis
image_width: 346
image_height: 260
distortion_parameters:
   k1: -0.381065
   k2: 0.145027
   p1: 0.000193
   p2: -0.000546
projection_parameters:
   fx: 265.38394
   fy: 265.41391
   cx: 181.188
   cy: 125.51392
